## Defiant RF outlets
# 1 ON
632,-232,232,-632,632,-232,232,-632,632,-232,632,-232,632,-232,232,-632,232,-632,632,-232,632,-232,232,-632,232,-632,632,-232,632,-232,232,-632,232,-632,632,-232,632,-232,632,-232,232,-632,232,-632,232,-632,632,-232,232
# 1 OFF
632,-232,232,-632,632,-232,232,-632,632,-232,632,-232,632,-232,232,-632,232,-632,632,-232,632,-232,232,-632,232,-632,632,-232,632,-232,232,-632,232,-632,632,-232,632,-232,632,-232,632,-232,232,-632,232,-632,232,-632,232
# 2 ON
632,-232,232,-632,632,-232,232,-632,632,-232,632,-232,632,-232,232,-632,232,-632,632,-232,632,-232,232,-632,232,-632,632,-232,632,-232,232,-632,232,-632,632,-232,632,-232,632,-232,232,-632,232,-632,632,-232,232,-632,232
# 2 OFF
632,-232,232,-632,632,-232,232,-632,632,-232,632,-232,632,-232,232,-632,232,-632,632,-232,632,-232,232,-632,232,-632,632,-232,632,-232,232,-632,232,-632,632,-232,632,-232,632,-232,232,-632,632,-232,632,-232,232,-632,232
# 3 ON
632,-232,232,-632,632,-232,232,-632,632,-232,632,-232,632,-232,232,-632,232,-632,632,-232,632,-232,232,-632,232,-632,632,-232,632,-232,232,-632,232,-632,632,-232,632,-232,632,-232,232,-632,632,-232,232,-632,232,-632,232
# 3 OFF
632,-232,232,-632,632,-232,232,-632,632,-232,632,-232,632,-232,232,-632,232,-632,632,-232,632,-232,232,-632,232,-632,632,-232,632,-232,232,-632,232,-632,632,-232,632,-232,632,-232,232,-632,632,-232,232,-632,632,-232,232